112.092773 103.395401 133.202698 209.949768 174.579575 216.919250 44.151524 130.492874 59.642170 37.086246 198.089661 
28.014313 101.659081 140.091400 160.123505 20.419355 54.056519 -3.329569 142.208923 63.034302 -61.875210 245.135773 
30.402416 -40.852505 62.752983 76.379868 197.140442 -1.464187 35.246895 269.949280 -42.471237 163.994995 10.089694 
27.019012 -40.370617 -25.126225 94.736931 -13.507401 27.733086 106.605728 186.390945 65.971771 -20.352062 209.244934 
-6.227027 54.827602 67.973328 133.968842 51.929623 74.208321 183.377792 -32.354076 -36.017914 180.075348 86.880676 
42.364544 216.940216 194.255386 243.162018 182.934998 204.441086 -69.558701 243.809143 102.432053 56.582905 27.245796 
213.597458 49.765709 72.677299 156.216034 259.799713 232.145905 122.017609 48.876583 88.449966 26.648701 93.675438 
144.751678 227.617722 23.774040 108.300972 183.415787 46.704033 35.915829 145.878357 56.493057 -1.282968 130.939545 
82.496994 221.721542 17.545244 59.702629 85.175606 -78.051910 182.259048 64.584824 75.592331 25.218481 98.361031 
141.010101 115.910309 27.731163 155.107391 8.984589 73.527603 105.928925 -64.264656 190.638351 10.879910 116.496811 
