Matriz
-80.000 -33.000 87.000 20.000 18.000 62.000 8.000 -25.000 95.000 -69.000 -53.000
0.000 -98.175 39.825 93.500 -0.450 47.450 45.800 -64.375 114.625 -41.275 -143.675
0.000 0.000 74.283 -53.714 35.771 34.833 -75.008 -28.119 -93.289 -2.354 63.160
0.000 0.000 0.000 112.865 -72.952 80.826 6.902 -105.744 -130.970 29.724 -106.415
0.000 0.000 0.000 0.000 15.905 113.697 -66.901 -143.772 -486.848 152.053 38.191
0.000 0.000 0.000 0.000 0.000 469.873 -388.911 -590.664 -2173.416 670.168 221.084
0.000 0.000 0.000 0.000 0.000 0.000 -171.556 -20.257 -397.189 149.099 173.220
0.000 0.000 0.000 0.000 0.000 0.000 0.000 56.810 171.281 -5.512 -130.737
0.000 0.000 0.000 0.000 0.000 0.000 0.000 0.000 -366.407 79.201 419.623
0.000 0.000 0.000 0.000 0.000 0.000 0.000 0.000 0.000 0.806 -244.091

Solucao
79.257
8.482
-267.448
133.946
201.524
229.438
-130.021
169.195
-66.631
-302.956
