Matriz
-4.000000 71.000000 -67.000000 -61.000000 98.000000 -96.000000 54.000000 25.000000 31.000000 -55.000000 38.000000
0.000000 -1392.750000 1390.750000 1271.250000 -2073.500000 1933.000000 -1056.500000 -545.250000 -623.750000 1205.750000 -755.500000
0.000000 -0.000000 -17.852809 96.941842 -102.399928 67.740083 61.753545 -98.372106 -74.594866 149.762341 -30.398672
0.000000 -0.000000 0.000000 447.997356 -362.955077 217.096020 123.941091 -337.411541 -159.864707 546.254922 -76.678166
0.000000 0.000000 -0.000000 0.000000 -372.755619 210.752979 -6.608240 -104.290926 -211.129643 224.936818 -8.286121
0.000000 0.000000 -0.000000 -0.000000 0.000000 38.768827 165.407549 -6.827313 -41.161708 18.749073 30.911581
0.000000 0.000000 -0.000000 -0.000000 -0.000000 0.000000 532.659062 -59.488103 -168.149885 100.727015 37.958924
0.000000 0.000000 -0.000000 -0.000000 0.000000 -0.000000 0.000000 -88.378373 68.475962 144.334772 5.361940
0.000000 0.000000 -0.000000 -0.000000 0.000000 0.000000 0.000000 0.000000 -34.263016 -48.983788 81.900833
0.000000 -0.000000 0.000000 -0.000000 0.000000 0.000000 -0.000000 0.000000 -0.000000 261.790847 -385.914966

Solucao
1.505481
3.313131
2.849351
-0.474888
0.556996
0.904745
-0.039396
-2.687320
-0.282874
-1.474135
