Matriz
-73.000 99.000 33.000 -40.000 94.000 87.000 37.000 95.000 35.000 87.000 2.000
0.000 19.630 -29.123 73.877 -7.260 -64.507 54.589 89.918 18.233 41.493 -86.644
0.000 0.000 131.766 -64.521 140.911 186.440 49.464 -80.128 37.100 60.144 7.708
0.000 0.000 0.000 265.192 219.128 33.711 441.111 313.107 124.283 281.618 -427.905
0.000 0.000 0.000 0.000 60.074 142.487 53.620 -44.047 -3.021 52.353 -45.772
0.000 0.000 0.000 0.000 0.000 -92.161 -49.336 -27.660 0.127 -55.676 -83.796
0.000 0.000 0.000 0.000 0.000 0.000 -580.774 -593.238 -84.072 -233.607 -421.124
0.000 0.000 0.000 0.000 0.000 0.000 0.000 46.346 -86.964 107.655 5.877
0.000 0.000 0.000 0.000 0.000 0.000 0.000 0.000 -517.727 555.801 -328.878
0.000 0.000 0.000 0.000 0.000 0.000 0.000 0.000 0.000 63.950 -181.933

Solucao
-0.426
0.126
2.613
0.946
-1.465
1.978
-0.024
2.196
-2.419
-2.845
